5 4 1 7 6 0 169.19969559843605
1 10 857.7233624031043
3 7 6 8 200.69368951945472
8 0 4 9 5 1 3 7 2 338.9424198396381
3 10 1 7 791.8221675310164
3 3 7 6 266.25833393305595
3 0 6 1 913.7257093458409
10 0 1 8 10 9 3 7 5 6 2 227.8249365379163
10 7 8 5 1 10 4 9 6 3 0 510.2527367413918
2 1 9 454.7382515408556
7 1 2 6 3 5 10 9 391.2631253870409
10 0 6 4 5 1 7 2 9 10 3 461.8909194194199
1 9 398.9087937444125
8 6 2 8 5 3 7 10 9 195.30826090840708
2 0 1 608.0769092317583
4 0 10 3 1 641.3969952063006
5 6 3 7 2 4 118.69540461866455
10 10 6 4 1 3 2 5 0 9 8 862.6680145870903
8 8 3 0 2 4 7 1 5 409.05575012444604
7 1 9 3 2 8 4 0 140.67348212915226
3 8 3 5 553.6918211220973
1 2 809.732569979858
5 6 5 9 4 8 482.10096814142327
8 3 5 10 4 8 0 9 6 407.3121579958624
6 4 10 0 1 9 2 839.2859151168967
6 8 5 6 2 0 9 699.1582553383121
4 5 10 6 2 350.5951326579755
11 6 8 9 0 7 10 1 3 4 5 2 504.1106500259242
9 9 2 0 4 8 10 5 3 1 802.1320593482192
8 5 3 9 6 4 8 10 0 596.378586506313
